0
9 2 2 2 2 2 2 2 2 2 2 2 2 2 8
3 1001 1001 1001 1 0 0 0 0 0 0 0 0 0 3
3 1001 1001 1001 1 0 0 0 2000 1 1 0 0 0 3
3 1 1 1 2000 0 0 0 1 1001 1001 1 2000 0 3
3 0 0 0 0 0 0 0 1 1001 1001 1001 1 0 3
3 0 0 0 0 0 0 0 2000 1 1001 1001 1 0 3
3 0 0 0 0 0 0 0 0 0 1 1 2000 0 3
3 1 1 2000 0 0 0 0 0 0 0 0 0 0 3
11 2 2 2 2 2 2 2 2 2 2 2 2 2 10
1
9 2 2 2 2 2 2 2 2 2 2 2 2 2 8
3 1 2000 0 0 0 0 0 0 0 0 0 1 1001 3
3 0 0 0 0 0 0 0 0 0 0 0 2000 1 3
3 0 0 0 2000 1 1 1 1 1 0 0 0 0 3
3 0 0 0 1 1001 1001 1001 1001 1001 1 0 0 0 3
3 0 0 0 0 1 1 1 1 1 2000 0 0 0 3
3 1 2000 0 0 0 0 0 0 0 0 0 0 0 3
3 1001 1 0 0 0 0 0 0 0 0 0 2000 1 3
11 2 2 2 2 2 2 2 2 2 2 2 2 2 10
2
9 2 2 2 2 2 2 2 2 2 2 2 2 2 8
3 1 2000 1 1 2000 0 0 0 0 0 0 0 2000 3
3 1 0 1 0 0 0 0 0 0 0 0 0 0 3
3 1 0 1 0 0 1 1 1 0 0 0 0 0 3
3 0 0 0 0 0 1 2000 0 0 0 0 0 0 3
3 0 0 0 0 0 1 1 1 0 0 1 0 1 3
3 0 0 0 0 0 0 0 0 0 0 1 0 1 3
3 2000 0 0 0 0 0 0 0 0 1 1 2000 1 3
11 2 2 2 2 2 2 2 2 2 2 2 2 2 10
3
9 2 2 2 2 2 2 2 2 2 2 2 2 2 8
3 1001 1001 1001 1001 1001 1 0 1 1001 1001 1001 1001 1001 3
3 1 1 1 1 1 1 0 1 1 1 1 1 1 3
3 0 0 2000 0 0 0 0 0 0 0 2000 0 0 3
3 0 0 0 0 0 2000 1 2000 0 0 0 0 0 3
3 1 1 1 0 0 1 1001 1 0 0 0 1 1 3
3 1001 1001 1 0 0 0 1 0 0 2000 1 1001 1001 3
3 1001 1001 1 2000 0 0 0 0 0 1 1001 1001 1001 3
11 2 2 2 2 2 2 2 2 2 2 2 2 2 10
4
9 2 2 2 2 2 2 2 2 2 2 2 2 2 8
3 2000 0 0 0 0 0 0 0 0 0 0 0 2000 3
3 0 1 1 1 1 1 0 1 1 1 1 1 0 3
3 0 1 0 0 0 0 0 0 0 0 0 1 0 3
3 0 1 2000 1001 1001 1001 1001 1001 1001 1001 2000 1 0 3
3 0 1 0 0 0 0 0 0 0 0 0 1 0 3
3 0 1 1 1 1 1 0 1 1 1 1 1 0 3
3 2000 0 0 0 0 0 0 0 0 0 0 0 2000 3
11 2 2 2 2 2 2 2 2 2 2 2 2 2 10
5
9 2 2 2 2 2 2 2 2 2 2 2 2 2 8
3 1 1 2000 0 0 0 0 0 0 0 0 1 1001 3
3 0 0 0 0 0 0 1 0 0 0 0 0 1 3
3 0 0 0 0 1 2000 1 2000 1 0 0 0 0 3
3 0 0 1 1 1001 1 1001 1 1001 1 1 0 0 3
3 0 0 0 0 1 2000 1 2000 1 0 0 0 0 3
3 1 0 0 0 0 0 1 0 0 0 0 0 0 3
3 1001 1 0 0 0 0 0 0 0 0 2000 1 1 3
11 2 2 2 2 2 2 2 2 2 2 2 2 2 10
6
9 2 2 2 2 2 2 2 2 2 2 2 2 2 8
3 1 2000 0 0 0 0 0 0 0 0 0 2000 1 3
3 1001 1 1 2000 0 0 0 0 0 2000 1 1 1001 3
3 0 0 1001 1 1 1 0 1 1 1 1001 0 0 3
3 0 0 0 0 0 0 0 0 0 0 0 0 0 3
3 0 0 1001 1 1 1 0 1 1 1 1001 0 0 3
3 1001 1 1 2000 0 0 0 0 0 2000 1 1 1001 3
3 1 2000 0 0 0 0 0 0 0 0 0 2000 1 3
11 2 2 2 2 2 2 2 2 2 2 2 2 2 10
7
9 2 2 2 2 2 2 2 2 2 2 2 2 2 8
3 1 1 1 1 1 1001 0 1001 1 1 1 1 1 3
3 1 1 1 1 1 2000 0 2000 1 1 1 1 1 3
3 1001 0 0 0 2000 0 0 0 2000 0 0 0 1001 3
3 0 0 0 0 0 0 1001 0 0 0 0 0 0 3
3 1001 0 0 0 2000 0 0 0 2000 0 0 0 1001 3
3 1 1 1 1 1 2000 0 2000 1 1 1 1 1 3
3 1 1 1 1 1 1001 0 1001 1 1 1 1 1 3
11 2 2 2 2 2 2 2 2 2 2 2 2 2 10
8
9 2 2 2 2 2 2 2 2 2 2 2 2 2 8
3 0 0 0 0 0 0 0 0 0 0 0 0 0 3
3 0 0 0 0 1 1 0 1 1 0 0 0 0 3
3 0 0 1 1 1001 1001 2000 1001 1001 1 1 0 0 3
3 0 0 0 0 0 2000 2000 2000 0 0 0 0 0 3
3 0 0 1 1 1001 1001 2000 1001 1001 1 1 0 0 3
3 0 0 0 0 1 1 0 1 1 0 0 0 0 3
3 0 0 0 0 0 0 0 0 0 0 0 0 0 3
11 2 2 2 2 2 2 2 2 2 2 2 2 2 10
9
9 2 2 2 2 2 2 2 2 2 2 2 2 2 8
3 2000 1 1001 1 0 0 0 0 0 1 1001 1 2000 3
3 0 1 1001 1 0 0 0 0 0 1 1001 1 0 3
3 0 1 1 1 1 0 0 0 1 1 1 1 0 3
3 0 0 0 0 0 0 2000 0 0 0 0 0 0 3
3 0 1 1 1 1 0 0 0 1 1 1 1 0 3
3 2000 1 1001 1 0 0 0 0 0 1 1001 1 0 3
3 2000 1 1001 1 0 0 0 0 0 1 1001 1 2000 3
11 2 2 2 2 2 2 2 2 2 2 2 2 2 10
10
9 2 2 2 2 2 2 2 2 2 2 2 2 2 8
3 1001 1 0 0 0 0 0 0 0 0 0 1 1001 3
3 1 0 2000 1 0 0 0 0 0 1 2000 0 1 3
3 0 0 1 1001 1 0 0 0 1 1001 1 0 0 3
3 0 0 0 1 2000 0 1 0 2000 1 0 0 0 3
3 0 0 1 1001 1 0 0 0 1 1001 1 0 0 3
3 1 0 2000 1 0 0 0 0 0 1 2000 0 1 3
3 1001 1 0 0 0 0 0 0 0 0 0 1 1001 3
11 2 2 2 2 2 2 2 2 2 2 2 2 2 10
11
9 2 2 2 2 2 2 2 2 2 2 2 2 2 8
3 1001 0 0 0 0 0 0 0 0 0 0 0 1001 3
3 0 2000 1 1 0 0 0 0 0 1 1 2000 0 3
3 0 1 1001 1 1 0 0 0 1 1 1001 1 0 3
3 0 1 1 2000 0 0 0 0 0 2000 1 1 0 3
3 0 1 1001 1 1 0 0 0 1 1 1001 1 0 3
3 0 2000 1 1 0 0 0 0 0 1 1 2000 0 3
3 1001 0 0 0 0 0 0 0 0 0 0 0 1001 3
11 2 2 2 2 2 2 2 2 2 2 2 2 2 10
12
9 2 2 2 2 2 2 2 2 2 2 2 2 2 8
3 0 0 0 0 0 0 0 0 0 0 0 0 0 3
3 0 1001 1 1001 0 1 0 1 0 1001 1 1001 0 3
3 0 1 2000 1 0 1 0 1 0 1 2000 1 0 3
3 0 1 2000 1 2000 1 0 1 2000 1 2000 1 0 3
3 0 1 0 1 2000 1 0 1 2000 1 0 1 0 3
3 0 1 0 1001 1 1001 0 1001 1 1001 0 1 0 3
3 0 0 0 0 0 0 0 0 0 0 0 0 0 3
11 2 2 2 2 2 2 2 2 2 2 2 2 2 10
13